100
4 10
7 6
1 5
9 2
3 3
3 10
7 6
1 5
9 2
1 5
100 100
1 5
3 1
1 5
3 1
4 10
5 7
3 8
5 6
3 5
4 8
5 7
3 8
5 6
3 5
4 7
5 7
3 8
5 6
3 5
4 11
5 7
3 8
5 6
3 5
4 1
5 7
3 8
5 6
3 5
2 1000
1000 1000
1000 999
29 432
578 173
831 191
580 168
686 944
774 74
738 500
466 30
920 226
577 416
271 987
958 622
475 601
145 393
181 270
292 277
118 91
240 942
145 888
847 566
843 541
791 57
162 481
9 619
927 216
812 46
729 588
547 173
826 971
288 128
30 759
733 372
932 305
902 14
70 953
700 603
523 897
709 364
913 417
774 872
435 443
124 275
492 508
764 485
257 891
829 177
117 162
458 82
123 386
471 797
135 973
808 254
368 530
268 82
414 86
534 302
630 772
870 217
1000 352
154 867
170 14
25 146
382 474
662 497
491 770
466 215
23 71
344 369
531 456
446 895
108 902
486 736
994 643
102 621
660 668
936 828
617 353
439 260
471 141
784 248
425 741
502 763
503 534
635 133
269 727
260 953
703 360
30 587
206 424
676 552
401 202
261 157
522 444
549 874
710 129
88 405
432 401
15 807
615 693
40 777
784 212
802 987
671 727
850 362
297 7
607 315
484 403
731 263
141 752
223 190
404 243
481 617
916 895
251 133
108 53
92 531
317 641
535 670
70 985
599 453
48 660
679 630
563 178
160 752
780 339
240 254
210 690
595 513
203 886
492 756
119 676
885 835
483 884
843 234
162 25
363 140
651 120
294 65
993 899
582 263
761 770
532 197
761 901
107 345
824 275
540 964
111 806
714 799
864 492
815 330
418 83
732 870
608 948
585 706
393 654
520 551
639 277
610 723
535 597
318 883
39 179
448 623
59 752
958 905
853 480
297 150
255 442
173 773
884 122
772 89
450 755
495 817
665 167
227 848
981 105
975 562
620 152
502 731
879 18
220 971
740 364
183 782
169 367
484 436
311 889
763 372
984 492
791 296
505 488
35 891
888 925
349 878
874 659
450 216
119 679
716 355
56 450
956 832
648 299
488 925
243 864
18 766
252 135
465 86
204 935
85 709
5 552
557 31
926 800
987 989
889 18
912 417
164 363
489 284
424 300
993 49
457 377
649 210
514 196
612 233
400 15
579 190
920 536
143 821
243 284
44 251
49 399
409 221
97 843
82 615
968 742
981 886
307 69
780 296
837 926
876 62
794 454
206 992
176 808
895 796
418 651
969 26
641 399
85 499
651 771
760 160
238 252
67 552
128 749
154 449
159 73
214 762
864 864
729 530
645 240
927 646
192 749
361 996
572 191
480 856
725 465
815 726
676 903
194 222
889 484
986 351
595 891
909 218
828 649
419 219
27 466
1000 848
736 452
951 519
556 170
434 230
914 206
601 455
456 655
588 399
96 951
72 622
997 388
830 97
865 168
474 960
340 944
101 560
180 641
129 950
289 833
976 595
345 33
577 941
977 53
951 435
946 36
145 739
59 834
949 174
577 147
688 878
803 287
265 772
389 420
372 189
890 913
458 926
773 774
604 592
616 160
919 303
728 683
482 222
912 515
99 922
705 337
372 316
451 816
651 696
990 595
470 479
583 754
950 403
920 333
483 244
721 760
756 616
481 992
759 53
358 742
991 343
99 429
518 71
132 383
867 412
657 397
13 462
634 944
868 868
63 228
755 27
860 792
310 898
892 565
159 358
504 100
473 48
926 214
225 886
506 438
548 767
632 452
115 478
531 192
871 537
881 375
741 478
36 50
206 104
453 111
726 330
38 957
46 594
144 993
362 183
166 347
176 518
506 11
404 120
424 461
992 953
537 124
838 907
833 106
304 391
863 287
976 410
992 216
623 65
213 239
489 60
13 959
160 729
249 415
245 31
805 347
28 198
29 549
62 9
623 541
392 140
681 804
748 710
53 321
47 906
63 506
27 526
872 424
158 413
486 826
228 960
446 709
180 351
773 977
842 727
598 348
143 222
230 768
313 689
123 514
845 3
307 595
674 991
372 258
655 432
26 200
897 62
581 545
937 192
447 783
66 372
878 642
310 525
750 286
733 86
127 336
752 23
710 960
78 4
59 664
786 639
641 506
731 450
343 128
216 164
82 417
371 982
533 604
177 718
802 311
463 89
75 386
43 988
904 371
753 246
778 95
410 276
93 203
375 996
445 383
748 581
401 697
688 938
584 666
262 276
920 739
209 767
370 322
160 115
352 829
250 764
285 76
440 619
415 962
125 385
118 517
717 82
411 343
41 828
246 961
265 749
515 760
36 745
368 119
252 895
566 718
571 466
129 269
414 871
434 644
652 413
296 897
648 344
246 762
584 562
426 9
33 284
29 459
723 130
186 570
908 428
572 226
847 856
764 788
321 312
557 517
994 543
47 184
544 36
254 85
898 736
474 662
186 386
337 657
369 689
764 47
812 6
626 1000
247 23
932 773
676 690
793 733
778 703
259 709
272 30
339 454
536 244
173 299
467 959
402 20
32 279
175 499
178 944
179 60
154 885
273 200
848 870
31 54
705 342
578 106
205 857
553 555
814 146
994 264
43 555
175 397
929 508
180 714
8 666
94 958
581 673
208 954
631 726
576 821
283 725
585 189
106 416
936 410
860 781
586 559
529 908
753 427
602 691
22 816
608 36
111 190
841 672
54 142
73 292
917 181
807 494
240 83
266 931
608 405
901 130
527 789
672 697
780 383
719 998
589 25
354 941
563 858
463 212
400 664
547 150
764 558
50 464
559 607
893 161
106 586
813 430
322 354
54 572
99 273
828 896
510 664
696 125
342 581
367 907
727 28
82 83
320 379
444 666
553 897
751 856
981 184
911 40
646 888
41 420
656 186
689 821
929 408
430 272
115 654
277 139
279 420
931 964
814 48
414 673
408 294
43 466
634 412
996 556
845 954
984 888
657 894
626 107
208 790
205 337
789 463
393 805
190 17
403 908
276 166
757 130
927 465
553 98
40 495
647 171
680 989
667 156
964 697
136 161
7 962
285 132
229 141
308 302
849 560
933 661
568 7
174 560
206 793
33 726
924 950
765 295
327 489
8 950
756 526
746 891
595 690
568 157
220 485
179 767
529 165
412 250
660 245
292 424
574 998
839 648
689 141
367 414
621 460
12 820
427 288
115 381
408 620
842 683
685 113
27 565
253 396
756 877
158 919
395 413
778 21
821 191
914 47
632 207
557 103
967 657
742 464
398 820
860 772
301 86
154 874
998 28
922 581
738 65
87 667
405 7
413 154
457 675
620 305
190 911
33 762
897 464
240 963
62 679
400 303
307 430
473 515
96 451
681 376
59 52
913 190
116 272
612 419
245 617
972 495
674 933
848 112
261 376
886 214
656 131
826 509
401 299
775 586
539 321
548 587
674 439
825 984
671 914
975 198
338 189
875 679
504 716
952 606
903 933
975 518
104 741
840 78
571 880
695 605
583 814
277 234
366 82
263 307
298 582
759 113
433 926
810 184
940 851
940 161
254 597
285 649
869 380
860 597
758 298
833 467
312 530
490 870
575 243
696 407
287 415
308 156
908 688
928 639
370 444
800 107
780 524
44 698
659 406
79 308
623 196
475 107
555 484
41 150
469 978
649 993
226 849
743 69
210 862
387 260
857 731
911 377
683 586
775 170
61 95
776 111
558 572
554 408
57 345
644 643
272 791
985 961
479 667
888 973
492 824
948 391
930 936
286 946
852 638
809 345
650 313
872 819
950 857
866 367
896 926
740 905
837 522
428 364
920 299
466 249
501 644
813 282
52 397
77 529
62 44
831 859
342 441
744 662
691 251
540 502
151 921
623 795
475 496
346 639
910 375
521 666
718 50
716 133
813 909
313 520
424 441
87 568
4 560
280 44
945 307
751 513
824 898
811 40
23 919
777 82
537 528
115 765
741 627
263 376
668 369
904 184
89 763
477 635
311 867
194 549
156 762
685 196
8 533
665 53
177 524
707 565
86 444
251 484
927 284
523 210
540 612
885 101
190 514
457 888
846 362
49 194
315 621
755 604
304 105
268 6
65 462
600 518
780 164
67 40
277 955
872 392
957 542
912 858
52 283
193 412
465 767
725 922
469 487
70 455
493 231
540 137
67 454
176 144
758 638
264 61
576 561
80 267
931 488
13 992
634 517
965 399
896 708
168 388
486 151
148 794
451 857
612 327
899 180
438 900
304 523
796 961
779 217
653 62
497 822
581 181
235 544
819 251
603 137
8 933
67 418
64 909
323 498
451 912
929 931
951 218
334 237
800 575
649 690
424 411
512 822
623 685
441 839
471 923
885 13
466 850
9 192
751 484
938 725
729 753
760 498
370 477
122 261
781 35
643 106
394 154
694 789
257 44
326 548
460 525
236 227
694 893
717 811
301 17
477 906
947 550
51 323
221 228
284 689
51 902
55 910
823 362
921 407
459 14
903 256
553 167
952 778
832 27
966 629
845 478
398 195
805 415
592 892
923 669
10 33
408 546
397 73
569 630
770 358
59 763
822 12
396 64
987 201
320 432
918 848
434 219
50 772
827 683
632 379
74 366
543 271
75 775
43 548
683 611
314 190
991 312
322 591
419 878
57 244
459 763
379 602
75 141
837 328
228 985
452 546
975 228
914 151
880 714
111 983
243 801
165 428
786 230
432 24
987 321
2 794
217 651
314 288
195 96
404 813
43 561
189 883
408 730
920 742
696 937
603 673
454 577
769 937
322 571
418 363
806 1
386 52
289 456
611 154
356 555
36 414
492 829
915 9
53 392
357 236
122 845
797 774
980 483
948 541
821 72
489 702
576 523
357 963
411 278
92 127
225 519
89 805
610 204
960 312
829 486
503 1
417 298
875 754
538 764
697 883
94 593
739 450
892 834
753 893
914 206
777 896
782 676
955 628
110 164
486 849
297 35
846 879
687 493
821 109
744 156
223 541
39 807
354 847
401 827
459 551
537 828
395 249
795 815
734 237
512 566
314 490
563 15
67 743
318 95
553 315
193 915
245 393
39 151
60 741
200 184
12 170
484 981
149 654
528 486
147 687
512 216
999 312
245 841
274 294
662 615
309 37
812 114
531 227
712 998
822 601
496 480
458 934
737 758
725 90
713 914
711 968
606 684
154 247
362 81
479 115
969 43
291 591
440 170
701 613
649 133
795 795
503 525
459 651
613 765
560 132
761 156
155 505
68 376
28 976
863 440
332 973
575 724
547 645
676 631
261 9
418 413
525 103
600 971
650 685
574 621
350 286
229 513
90 884
530 838
326 74
407 977
103 371
334 493
113 186
967 219
905 132
562 725
400 495
731 153
242 128
287 718
814 566
540 195
926 852
444 346
291 408
388 578
911 347
302 50
395 718
950 108
53 567
943 177
346 145
63 191
884 228
932 223
709 335
943 226
43 550
610 704
23 779
217 685
209 530
676 592
815 728
42 464
650 634
989 538
781 705
881 340
764 68
766 333
90 381
731 612
211 8
599 319
57 821
847 266
511 439
972 692
55 393
279 233
206 504
191 932
816 827
751 586
968 491
926 782
822 253
708 745
255 875
763 516
191 143
555 36
377 34
465 432
373 525
410 171
92 557
854 780
702 929
917 495
88 277
495 591
347 844
904 70
977 419
605 110
555 728
965 938
644 520
872 778
647 808
239 138
83 5
88 991
530 217
955 315
76 569
806 80
691 225
541 993
325 759
406 217
940 576
332 859
906 398
284 213
352 224
208 627
154 747
61 408
184 961
680 318
351 549
7 117
57 726
247 43
809 356
93 327
374 601
68 610
244 767
355 617
278 780
249 555
521 491
490 496
543 5
294 407
154 371
866 624
711 268
525 282
175 754
363 617
944 776
518 144
214 873
734 395
305 461
866 297
935 115
394 287
922 547
794 956
160 327
832 336
990 951
466 969
318 567
54 522
874 527
993 33
71 917
748 860
786 437
477 971
230 279
87 572
784 156
623 915
326 285
346 798
73 882
717 468
456 721
768 549
850 381
43 193
254 99
341 858
188 524
12 979
25 296
427 343
682 41
572 156
5 357
400 630
861 261
695 412
546 938
743 348
593 861
990 851
118 927
255 652
977 888
743 785
206 232
311 485
461 573
938 73
299 830
344 21
171 711
55 110
955 482
974 26
54 632
705 779
912 761
464 53
758 7
384 961
349 294
426 719
711 56
921 429
665 343
949 495
494 864
403 213
375 143
587 716
648 887
634 757
15 625
863 793
663 875
426 464
135 422
242 797
464 747
284 455
772 313
716 905
10 194
264 622
998 481
458 396
262 15
78 303
414 247
198 163
987 463
732 178
705 161
261 937
144 126
250 200
609 609
433 695
850 96
296 649
930 309
89 953
148 471
723 646
439 371
253 888
75 428
373 699
797 781
46 525
772 417
661 128
840 483
988 406
610 225
760 432
861 438
728 501
585 938
417 947
740 301
282 258
462 66
724 368
36 630
307 45
409 359
376 966
410 747
425 422
111 74
228 590
987 663
739 952
593 716
195 777
520 710
699 509
260 525
801 563
477 760
221 289
863 225
929 807
402 193
257 986
414 809
558 138
173 5
228 829
255 370
563 836
19 685
6 450
794 261
855 228
40 783
354 783
634 95
429 452
144 280
23 447
82 353
103 650
379 196
914 336
289 623
23 927
243 32
982 348
494 747
209 664
366 985
823 485
116 374
714 16
565 51
101 769
692 716
180 665
323 422
247 674
879 505
851 185
944 829
115 51
26 427
352 567
482 701
510 731
51 562
758 769
801 316
762 281
600 583
784 352
403 313
60 610
745 744
129 544
857 224
290 374
686 931
279 306
972 914
55 422
221 279
318 241
52 76
485 690
951 140
557 419
865 176
820 289
473 417
18 466
175 490
718 725
34 528
79 469
962 130
109 471
405 531
841 566
690 202
513 329
942 164
1000 276
224 493
235 313
85 839
289 909
283 327
128 989
784 833
782 640
522 488
828 490
579 231
619 86
609 359
665 662
337 353
941 445
928 653
641 46
871 714
103 555
743 410
193 653
940 770
444 444
960 127
620 739
361 971
187 193
842 184
393 45
31 906
250 220
284 945
744 188
454 530
36 285
518 195
222 187
183 775
491 824
371 797
141 313
717 45
982 433
409 715
95 723
43 362
804 581
619 797
964 589
128 199
360 896
461 968
91 678
511 259
307 585
423 724
546 587
907 712
243 850
424 62
671 92
61 679
708 354
706 263
313 322
422 961
569 81
42 150
427 705
127 311
78 176
407 726
982 906
687 724
164 592
458 341
336 198
717 565
752 620
428 766
512 993
931 522
160 650
328 842
46 472
573 658
882 727
532 577
337 531
760 92
302 749
137 844
675 495
756 71
134 378
702 83
364 313
391 454
659 3
221 636
633 185
121 875
29 335
460 618
238 829
475 109
222 462
4 471
958 851
865 411
424 458
640 588
380 916
1 838
900 857
933 659
680 684
410 840
650 600
113 627
295 715
778 620
408 266
51 407
695 799
118 52
778 677
977 739
646 422
2 161
554 213
721 879
669 324
333 443
542 412
704 928
601 346
409 540
414 688
943 36
449 45
260 48
404 256
734 818
947 760
500 462
907 589
865 656
507 101
175 545
257 986
41 758
477 63
358 629
264 99
885 142
893 223
465 619
282 477
140 920
141 731
541 725
887 483
906 541
212 36
1 186
441 150
65 880
471 581
561 509
110 811
222 313
121 898
348 988
124 596
60 195
777 826
438 527
345 107
118 333
844 802
295 41
428 878
646 447
605 436
850 935
134 426
669 630
207 821
230 459
594 3
102 323
971 296
345 933
581 353
248 375
693 606
842 129
78 79
628 119
867 672
156 318
698 433
247 590
15 436
651 757
772 635
919 284
527 468
82 641
124 20
494 111
712 316
875 773
868 631
120 425
968 789
958 490
753 59
889 282
258 632
129 603
869 634
492 315
306 309
209 375
756 287
736 884
201 845
454 804
237 671
43 377
329 930
981 732
488 366
292 815
61 752
178 555
195 261
615 166
853 250
355 538
799 436
16 990
744 777
109 23
170 124
922 333
335 327
148 40
235 600
28 996
257 840
565 84
375 58
54 584
266 248
790 98
635 827
275 977
392 248
725 908
46 498
931 117
827 993
783 643
621 791
900 256
722 158
827 911
812 254
216 58
318 105
250 741
486 122
327 201
95 79
682 569
722 913
187 377
854 661
56 780
973 599
545 824
909 931
33 590
404 431
63 799
831 38
16 263
447 754
99 623
393 151
240 959
879 389
291 200
665 983
685 717
69 417
294 157
422 353
795 339
512 434
285 989
296 489
233 215
760 659
103 865
343 36
178 334
611 386
127 982
962 964
890 14
549 708
277 616
321 846
532 124
172 531
721 263
746 203
490 801
341 240
174 508
710 882
682 954
265 584
904 534
390 663
586 55
55 626
781 393
933 563
981 993
565 826
20 452
878 537
646 22
565 598
452 648
397 536
485 49
533 923
445 453
291 128
840 807
643 840
852 685
910 141
964 658
730 916
570 571
426 29
900 71
286 4
606 694
133 926
248 22
792 889
741 733
696 593
567 849
939 650
157 126
539 709
395 327
530 809
659 58
59 221
120 979
121 619
326 421
404 695
204 908
695 49
734 630
574 919
483 641
934 324
88 459
304 140
547 789
869 79
897 266
866 711
419 513
976 472
45 271
642 73
44 82
13 838
370 775
330 286
303 40
143 707
117 465
691 559
562 747
156 279
887 198
254 497
977 316
827 682
927 909
656 17
53 219
724 593
886 541
551 135
191 76
8 60
405 139
253 93
216 398
23 604
140 498
543 517
118 307
743 932
93 17
316 580
499 499
356 843
360 655
2 363
462 969
548 167
658 117
66 883
929 270
291 800
246 691
978 483
635 326
171 190
109 354
493 549
272 67
574 842
500 61
876 761
531 401
266 677
230 353
534 332
31 302
182 324
293 672
322 941
367 29
458 686
710 51
236 321
769 741
25 356
690 41
287 711
115 37
301 707
485 45
714 614
272 179
789 760
535 447
980 592
19 31
634 137
787 169
214 37
34 968
427 698
285 570
21 125
681 294
829 688
400 814
857 426
585 914
791 475
313 116
369 858
243 305
437 214
618 493
393 953
143 35
910 18
153 935
531 639
145 363
722 465
421 128
479 998
101 681
416 532
31 124
538 701
961 827
596 272
346 592
978 81
846 523
607 834
470 602
185 55
827 476
445 647
572 979
769 341
409 898
661 853
526 727
47 685
940 471
352 321
712 115
592 62
449 21
494 822
763 325
762 34
647 434
212 201
809 811
395 756
68 561
755 628
62 769
83 302
614 151
243 251
40 346
714 295
958 77
480 851
205 512
200 37
576 369
391 306
628 698
566 590
376 824
875 974
36 632
833 531
167 224
130 303
463 4
362 324
460 412
753 267
160 842
592 517
337 770
156 447
921 767
342 237
372 838
113 851
415 503
108 662
850 128
475 795
406 294
27 459
768 374
363 433
974 123
435 366
357 750
388 769
82 877
193 396
110 826
690 221
128 845
215 359
562 284
868 95
322 211
860 663
303 648
70 513
21 416
124 600
963 570
832 668
364 548
807 574
164 424
41 461
845 151
76 978
673 235
808 844
667 91
102 677
232 213
430 506
995 387
703 308
833 408
498 650
484 132
153 843
394 257
450 12
673 921
604 137
96 47
730 431
133 413
776 404
860 551
138 538
458 933
859 840
701 378
315 418
482 245
787 842
957 778
169 315
325 909
322 530
620 951
284 716
134 849
613 534
263 105
618 391
629 39
28 256
301 803
35 229
827 443
415 36
571 347
485 947
539 611
237 998
477 241
862 2
532 568
242 429
180 986
864 295
433 894
603 999
571 733
386 491
770 146
698 214
27 564
258 46
747 1
962 843
173 417
377 262
621 785
625 251
27 930
532 961
789 255
259 872
103 718
473 609
955 815
316 254
953 855
23 968
994 524
87 396
558 583
291 608
358 566
738 338
882 510
279 867
158 64
371 197
839 827
435 86
274 384
277 116
825 304
957 199
107 333
801 838
28 95
896 21
845 880
507 842
934 590
355 798
339 307
553 274
29 918
347 870
970 929
473 109
230 733
94 516
113 778
766 261
743 437
836 318
58 896
994 600
560 36
442 626
505 135
295 69
423 162
371 955
999 602
493 384
379 39
60 400
910 147
235 992
159 406
894 380
833 538
831 270
866 670
749 350
507 221
710 160
727 807
162 227
633 803
682 700
871 773
435 685
184 656
431 155
395 467
12 623
92 290
903 709
195 484
348 384
410 381
530 924
300 205
523 564
317 607
449 420
702 980
432 495
578 684
160 492
917 422
575 724
329 240
285 603
764 91
766 87
291 431
359 983
105 79
302 185
776 444
830 772
533 272
399 379
113 267
692 429
238 295
937 595
340 388
422 346
553 438
830 554
280 310
160 895
912 46
553 248
38 26
293 350
198 169
639 736
856 833
877 393
743 486
199 601
203 197
571 172
442 765
752 653
858 436
13 100
741 382
931 699
704 508
801 870
468 679
859 471
835 197
519 380
767 158
238 41
510 391
480 531
599 806
472 306
398 326
104 104
572 51
355 368
480 948
119 176
67 132
132 909
216 793
999 772
918 889
70 869
851 12
322 723
116 255
252 29
960 456
975 931
286 969
903 323
606 953
378 494
929 261
115 954
714 169
145 405
654 562
957 663
542 718
884 777
898 470
510 719
334 381
23 810
871 524
969 464
551 616
878 937
715 538
515 502
268 724
358 885
105 517
26 857
607 335
997 579
802 430
919 686
334 91
241 116
872 353
666 374
955 697
153 260
573 753
801 101
954 698
977 159
152 941
458 209
14 660
226 253
23 947
741 943
344 634
224 569
86 356
480 416
481 45
279 863
155 851
177 863
161 409
909 327
750 514
185 524
148 514
797 792
732 120
420 740
109 974
407 668
46 969
170 83
921 276
433 51
873 14
791 622
3 745
496 712
504 310
334 632
550 40
788 934
964 45
425 350
782 106
570 391
581 686
928 597
560 700
702 532
417 992
203 351
992 903
639 180
493 934
7 609
896 259
563 299
754 773
338 109
215 426
579 132
539 826
773 755
772 496
144 177
518 688
102 817
958 377
169 704
346 925
309 249
226 867
452 761
527 517
197 696
504 336
39 896
217 557
214 30
884 144
98 23
955 989
273 496
213 198
470 180
569 397
626 790
430 292
689 83
737 111
85 672
785 117
273 739
945 164
146 921
281 93
740 529
824 854
807 733
975 422
352 499
116 936
151 890
975 992
598 795
750 717
972 269
274 37
356 466
759 571
6 546
760 697
898 79
47 640
574 154
34 872
28 862
219 747
667 844
890 8
24 323
984 786
804 422
565 719
326 565
854 111
179 498
137 386
106 737
138 689
934 324
673 124
198 346
460 45
572 62
995 765
20 374
300 260
846 55
171 754
447 408
281 545
646 937
106 95
920 256
30 165
705 662
834 749
252 725
96 708
157 795
383 126
781 556
633 38
273 622
320 564
803 686
897 337
892 943
344 937
469 325
246 118
377 601
540 800
561 534
637 163
138 102
153 691
826 269
885 676
9 887
996 519
797 107
570 169
54 114
866 138
33 87
601 853
581 998
562 553
889 385
668 540
428 78
388 351
439 828
62 349
819 965
237 297
898 333
622 715
332 412
633 205
299 867
776 475
801 795
340 495
907 543
926 62
173 330
392 88
346 844
659 62
648 604
675 506
634 179
536 660
636 264
409 356
268 220
423 746
37 932
148 566
814 731
624 695
24 693
165 26
655 855
301 102
215 726
334 537
845 50
902 972
491 911
866 200
219 144
609 156
549 507
517 643
212 207
30 38
668 212
139 738
38 204
628 749
852 207
670 690
175 635
617 421
190 5
940 659
316 609
331 265
261 186
904 285
226 79
287 474
607 358
159 790
28 178
434 233
594 920
867 530
822 849
339 348
200 459
441 146
909 301
279 278
544 868
607 717
877 869
489 562
185 510
711 549
394 361
55 945
522 15
381 503
535 28
184 692
813 544
905 993
842 635
844 882
642 590
937 74
702 334
20 684
866 670
408 234
697 306
6 890
351 460
734 803
859 367
676 253
47 239
702 129
13 2
386 331
201 695
637 888
629 533
77 936
763 442
718 211
849 380
868 402
33 823
556 486
634 617
948 215
804 830
394 1
187 279
744 773
734 237
549 827
98 142
593 285
417 256
947 556
866 907
428 92
49 309
881 828
741 23
195 920
272 756
341 759
48 585
998 840
332 647
536 684
430 24
215 953
825 838
471 848
683 546
65 66
345 52
692 950
25 521
368 882
576 712
554 676
516 279
485 474
636 640
647 617
455 47
680 67
718 936
217 222
93 924
388 378
328 642
711 671
919 171
130 64
683 994
806 827
303 222
57 17
49 379
540 640
380 145
375 553
24 297
393 675
930 512
123 738
504 916
447 631
184 868
53 394
556 99
988 16
724 279
600 538
202 886
148 358
911 646
170 284
966 874
469 615
503 756
252 471
810 996
487 651
413 262
70 538
557 572
56 953
755 73
789 419
671 702
599 960
626 830
486 474
457 330
415 660
282 458
399 724
953 569
43 347
651 967
174 919
97 108
166 682
343 991
107 188
945 797
385 458
599 751
625 323
11 735
172 696
833 405
471 928
4 430
742 995
716 994
367 988
545 898
232 254
967 440
106 603
636 736
781 171
268 303
341 913
951 547
393 173
999 249
542 499
235 264
674 649
699 449
864 746
377 228
829 657
446 350
916 980
950 83
514 475
561 537
670 356
257 841
417 660
37 637
992 801
213 683
682 498
708 472
539 512
583 328
526 990
998 929
14 783
399 68
680 779
265 230
2 183
590 780
507 646
812 588
895 354
139 512
910 486
864 430
629 944
315 472
398 895
553 668
231 452
771 496
918 776
649 703
406 998
571 333
326 592
706 131
657 290
441 325
593 174
553 363
681 312
60 326
129 228
309 599
20 488
343 909
823 925
339 883
207 365
312 257
671 230
829 175
903 62
611 233
105 854
919 668
754 14
469 536
375 987
543 795
963 785
347 994
618 193
434 628
811 962
189 317
456 120
944 646
615 402
299 917
249 915
612 53
868 352
402 602
364 491
669 126
538 215
685 247
74 43
885 289
778 968
876 757
938 447
446 862
520 528
654 917
802 455
786 717
706 549
944 952
756 806
552 269
130 457
899 886
675 674
111 528
150 716
621 29
205 77
304 168
727 603
912 166
35 151
346 803
561 18
622 299
748 421
61 953
295 86
382 8
41 513
875 389
25 583
771 761
904 852
245 810
615 445
239 778
142 354
444 83
541 888
302 245
432 174
885 476
268 901
844 1000
596 947
405 609
380 139
558 987
223 152
182 69
970 481
822 82
754 489
225 904
15 768
584 122
40 433
588 449
734 508
34 206
485 321
765 194
150 540
118 613
120 685
908 642
374 956
208 910
266 635
828 381
315 774
464 94
597 511
921 808
833 158
697 832
744 170
478 227
553 177
777 148
810 550
23 267
844 393
897 134
240 403
629 836
686 793
230 506
438 363
381 65
427 824
797 107
721 714
400 942
661 566
577 673
491 529
26 607
715 302
182 447
725 54
742 494
484 9
619 481
154 493
19 815
611 538
977 701
742 592
836 40
229 499
52 66
330 646
226 375
781 132
238 405
553 855
761 422
632 670
221 771
402 143
502 490
476 971
282 379
21 855
921 255
769 436
259 475
689 965
476 723
684 486
467 711
884 700
762 724
314 111
129 852
122 712
422 364
122 271
116 913
877 203
234 170
876 154
54 45
613 642
56 863
47 575
83 751
994 970
547 983
927 21
845 277
644 439
854 808
921 139
466 249
61 478
674 290
802 637
623 885
556 229
384 951
871 923
960 378
329 649
143 952
285 969
433 272
43 326
167 794
28 168
363 910
513 399
582 354
280 227
259 297
363 223
545 215
657 338
716 953
787 688
548 498
62 168
923 583
745 316
84 652
146 423
598 663
238 551
112 903
605 17
390 251
507 870
977 335
61 107
57 627
273 620
726 794
499 501
960 581
385 720
989 72
536 275
690 428
487 630
852 101
950 496
858 101
563 215
402 78
764 445
368 879
486 422
860 759
351 788
714 601
914 893
491 363
285 483
101 439
169 924
701 799
950 446
446 567
945 404
15 168
383 240
554 301
964 631
843 754
87 309
28 550
952 161
229 952
810 528
701 656
526 61
985 853
522 86
658 953
882 237
915 426
84 969
130 635
382 710
28 523
340 572
823 750
399 997
933 145
629 197
485 424
48 990
831 692
942 470
748 624
53 969
792 144
236 932
561 58
89 657
224 386
611 336
753 39
287 451
736 128
369 413
536 388
645 226
794 135
170 128
994 728
81 362
860 714
791 697
854 722
909 876
944 677
213 879
105 117
891 823
731 222
31 320
246 650
65 339
720 459
425 968
231 169
229 985
43 514
176 818
401 535
180 285
902 444
476 521
956 150
81 590
781 391
502 617
777 184
560 688
875 715
9 414
628 833
419 770
408 32
428 783
63 198
51 684
759 384
29 395
574 612
931 587
577 993
315 138
779 492
809 416
316 297
386 807
714 58
446 809
851 247
583 232
520 495
23 369
122 43
332 457
70 388
577 427
953 787
668 689
355 522
87 688
510 759
502 51
661 364
61 407
31 263
311 407
854 825
57 994
787 248
964 779
306 121
318 184
440 187
679 126
278 821
679 178
210 881
364 502
808 418
703 388
552 181
810 862
395 991
60 689
243 812
482 47
43 812
978 316
76 770
905 694
456 956
555 809
575 988
865 121
439 264
481 639
404 238
936 426
807 233
292 419
412 465
48 341
348 666
510 844
470 25
101 604
648 164
284 746
539 517
857 866
817 795
406 920
640 180
597 403
434 518
800 605
650 54
288 157
247 194
852 777
107 363
235 871
428 273
207 629
442 834
44 340
455 477
872 908
317 896
386 37
888 72
761 982
993 981
243 675
625 559
36 788
909 369
750 392
406 857
854 67
892 300
723 673
651 319
384 507
676 294
471 216
890 171
222 716
654 897
576 279
383 177
541 145
45 309
74 285
688 648
611 374
893 593
280 697
260 104
548 391
579 435
734 430
360 171
392 769
771 647
11 328
840 561
900 884
992 883
386 466
50 205
644 564
216 271
593 310
728 854
292 813
192 911
156 982
761 799
184 511
404 456
44 178
388 426
561 236
840 231
630 488
624 802
62 582
19 589
194 139
366 562
355 652
923 473
456 442
684 690
9 589
778 378
887 452
390 33
987 304
857 188
773 618
675 626
342 799
723 571
274 432
881 157
15 719
601 914
977 359
698 166
825 33
788 984
670 559
341 790
16 991
294 787
319 175
506 154
991 750
130 323
46 206
153 737
73 303
914 199
829 217
430 282
422 628
737 307
889 464
264 99
468 178
449 17
77 108
451 833
473 123
798 601
152 625
265 34
81 980
96 842
268 641
914 102
974 526
343 33
112 713
369 455
998 146
973 825
165 835
390 984
370 999
660 630
319 681
779 143
826 658
855 536
343 860
178 244
830 108
975 943
921 698
953 796
208 255
429 374
280 321
960 965
808 338
65 176
605 54
264 494
60 882
564 37
776 409
87 661
558 100
160 606
121 180
553 100
998 874
107 543
206 413
25 582
119 723
74 841
887 277
78 76
484 386
692 291
105 94
431 678
237 938
324 322
181 62
354 235
175 554
76 687
582 425
387 752
766 347
477 670
405 125
394 910
976 896
489 811
69 193
268 279
5 381
790 315
942 404
836 56
308 455
502 639
906 966
758 411
510 251
773 932
88 263
476 773
74 176
921 313
247 918
514 643
849 376
29 173
565 697
681 755
838 23
198 966
808 27
970 675
826 815
862 204
125 139
30 174
709 336
856 593
944 123
785 929
652 172
152 540
726 385
926 459
431 920
443 474
555 313
443 256
577 498
3 685
796 133
889 564
183 382
496 654
330 259
487 314
484 682
658 64
76 632
366 80
583 196
34 961
816 826
903 118
929 825
186 766
47 949
222 838
403 16
62 90
828 588
154 276
149 104
435 581
930 343
206 409
483 718
601 225
678 699
344 389
520 627
757 842
300 261
634 32
363 688
731 716
750 633
44 135
977 776
2 565
229 438
967 472
113 846
163 315
901 276
247 525
884 532
283 387
57 613
781 305
873 902
818 445
189 892
978 835
869 297
9 815
728 367
637 123
605 362
939 39
440 447
44 717
112 700
684 263
55 560
335 168
543 762
212 418
149 796
428 982
590 890
984 401
456 886
75 894
854 645
409 720
201 233
833 557
778 819
595 295
77 58
6 951
11 776
58 387
940 912
861 127
312 14
328 855
413 75
666 95
365 96
620 196
56 616
347 943
103 337
996 81
325 127
826 529
428 909
697 342
813 406
329 309
412 231
566 611
516 606
220 160
366 817
749 78
105 621
167 247
379 957
79 67
444 727
675 296
190 884
844 393
847 749
308 835
511 318
840 703
61 271
132 250
163 540
910 256
191 654
190 721
631 372
373 857
127 917
61 389
913 732
27 897
87 675
794 316
771 633
656 701
897 737
778 95
745 798
217 651
660 80
342 159
542 258
114 788
829 243
144 160
672 596
271 842
933 390
637 959
439 727
887 908
668 591
173 100
643 356
87 223
373 60
546 812
621 509
869 740
98 385
19 901
480 783
30 472
775 28
135 96
638 212
12 802
224 589
873 687
32 888
809 224
973 629
938 541
619 731
405 209
144 58
242 817
18 64
377 170
885 362
878 975
41 872
618 724
91 183
129 901
93 899
346 700
394 34
330 239
200 977
817 619
670 148
609 251
615 226
430 590
551 757
832 794
31 27
147 827
666 296
290 250
616 909
397 253
623 315
931 483
860 739
892 898
943 116
184 154
485 874
46 31
463 385
686 988
509 151
892 261
919 337
455 811
856 873
706 40
717 137
307 449
96 188
739 283
26 640
577 814
203 486
748 71
358 678
440 765
425 731
241 624
341 474
377 574
642 863
623 30
62 876
600 72
824 659
654 401
834 505
474 824
441 708
915 446
901 37
245 892
952 388
182 647
146 154
618 42
733 991
66 511
886 948
995 460
49 394
249 575
992 764
414 310
944 911
213 180
825 789
496 730
156 232
42 139
722 876
950 83
421 587
817 833
24 395
432 551
783 531
818 398
880 116
816 402
767 993
281 964
318 398
173 522
538 487
487 180
328 204
11 21
391 627
356 437
929 717
576 25
214 341
961 547
471 562
259 961
754 426
665 789
662 922
427 929
829 346
772 563
47 48
205 993
828 408
896 85
933 955
28 470
126 720
460 855
8 297
12 547
266 563
6 821
121 718
428 814
32 90
234 486
983 176
856 542
770 476
957 379
763 23
798 786
48 926
395 621
822 855
808 648
170 188
467 533
75 404
451 282
721 453
39 495
718 988
616 468
716 800
272 509
304 295
11 851
771 569
519 184
416 509
877 151
65 314
425 88
414 66
218 960
578 233
183 676
3 538
111 926
485 205
95 265
606 431
883 428
319 852
880 739
780 909
220 66
763 243
402 963
167 712
489 540
192 157
736 97
715 800
849 774
318 42
761 285
153 468
930 333
566 58
55 404
976 984
139 499
24 858
250 834
401 988
902 561
100 998
339 502
55 192
374 173
238 117
498 564
375 147
435 838
308 289
467 526
958 86
19 878
536 184
587 703
347 127
67 447
86 937
952 250
997 347
665 435
655 871
484 207
405 498
167 338
698 458
362 277
646 382
350 424
144 182
479 280
796 164
901 791
717 178
852 511
991 131
793 123
221 801
158 435
100 674
342 259
419 525
828 440
256 504
8 877
336 806
377 610
734 391
225 892
142 809
64 709
911 916
824 395
941 141
778 838
295 32
845 222
98 988
470 496
869 444
787 467
970 303
300 956
228 65
601 543
138 923
928 205
255 96
970 609
523 788
232 882
325 470
687 450
981 623
168 932
263 694
169 138
258 762
270 926
565 366
423 65
398 977
710 256
597 865
996 167
990 478
99 664
778 2
731 433
848 472
454 815
984 650
362 26
997 923
997 856
643 607
260 594
79 406
733 193
285 229
868 615
534 213
954 916
517 602
650 837
180 82
128 602
670 251
571 175
51 219
814 436
602 687
444 618
595 492
558 868
40 288
663 992
622 937
932 258
935 277
146 666
586 994
137 215
631 878
530 518
80 88
859 594
717 807
915 759
662 472
297 350
922 733
716 429
355 465
535 706
472 405
416 673
461 485
691 353
670 496
277 97
525 515
513 624
535 420
306 815
589 907
354 861
246 654
28 997
71 657
693 426
377 319
868 21
914 554
640 61
159 54
