500
1000000000000000000 250000000000000000 750000000000000000
17 12 12
6 1 4
65536 65536 32768
4294967297 13131337 712234244
7361510414882202 520316587498206 3550679371860137
884756632666552962 429703919513474754 728818608216612609
534446250552769986 291606431152326914 350469153416435137
306025447408724482 1302101890717284 160829464254868577
118453040633877954 49508137353332370 101386456294180417
401347093610557186 88832829730252130 199053851215445473
990145140197507970 786449165426604802 316948581149972737
995647635945157762 658456686695948290 320687786004364353
840686674812863362 235292772853473890 392555763783868353
377284678839307970 350623283881383362 90414934012154881
532555975429517634 284361313908816610 217498178689913505
695109893243712642 60836626533750186 605546254495242625
217628780493395842 114361150172878626 49754847107835521
267215511287794978 137266697171096082 69053946370111161
302872734714017858 232432291038411106 37997551813661313
413096407158070530 2357493818464734 188525225873222177
117764859534199570 27798573256047710 116242705908147633
876834296973351298 704723936957093762 521352407352319681
485477876501932546 450797855984930818 322081739178772161
699930275187745282 188137983426327042 247198231318572737
276808417209659107 5761242638991951 263181598890117121
365489151916731395 204049795249691649 79583353066619409
573338878244901059 416835366291745537 168447136973136897
179384260080703299 35424009206832437 102956603576658625
222914963384802211 61195155814232393 28778341628924609
609466889050440707 416870039245644737 455102237451515457
321531602410152195 273371416604325953 46763706527400825
773370939568714627 342094945712181121 754707137768577025
783378660215739267 68066339329643361 54809749278814497
473413953943049219 300140239661933121 100855308408576961
494206241749468355 93933447414599057 369852635983617345
319799670119243395 203024814369412513 196016335234817409
208304105627754371 81227679372200833 138282496955943057
178948932678802755 147313360961037313 166690136542172097
19101239096022351 3537703764327047 15701067291446297
722363293485365123 456267721430107905 301666269924876353
877408641174102275 130835476092134001 309748799721761281
444875032712613635 158748013544259713 242165655919203745
766249448381670787 486831529341804801 597467951469995777
553244923165272771 437350893094253505 191179689107713281
80525852224272003 77880313956053377 60371540495900721
402501686000930371 171087425425540673 261737968952496865
863809857059650179 825279317271187201 7970986401864495
155711251895741091 69153349535784393 1316460960795758
480543834300597251 181388037634671681 204559143424582209
462436602235212099 169450519092982177 54534215683793001
253997425683552867 73855865937555729 42532850296876665
763285379336477699 425960330618639617 423747661544100801
579426906433121667 205289667602981377 282987662557900801
325810958501433411 210200988671514785 70318441020809945
75872168666759939 16173651174276585 38306252339299737
965669096648804227 459897144436725569 135980863635496305
813632707518716675 131635810927848417 410952382204696769
193251546202667619 159401078867492001 12889617017532875
439288542686272835 376803564339601793 263939616331973377
8810600232706192 5848839268999784 6572770152582619
804651084490797827 484957933135495873 302678657222598593
929016171234262787 47834386023833545 607344734809942785
225594232644479747 78536797312135361 192692444139570721
917490573303801731 423667076105122945 344113648118818817
783555232502882307 7501865950992535 699810145511213185
485559245245105091 283347259666815201 325339580768194305
715707195247482115 131921668470031377 450073204471000193
273526085458212899 17059152486337855 211321595419236225
295369400820061571 279797956095051937 278750411459008129
285396756522188451 149614171038682305 259489245535386785
104988878407577987 98916027744600273 10916061023845829
671167891394485379 138345102530538817 504515069639233089
969721714842555395 548215077311954369 628886953249510401
492490733070434243 61028602913964585 318722566896314689
316870104347795075 47145781873441305 196460318719739329
403494218874610883 194920674072614625 10133797853109651
418664822718826883 356789207845126465 53418574959247633
184475545330941347 152317598948804161 102962461028241025
973475586187103491 544732758407351873 633732453882702465
809579372026377091 485837443199469761 58202788030744873
190710707307475651 133658523772919969 20154160272344409
359899527700504515 225507675478381569 53419774379895689
921531996503524227 244800659809390529 426142998345907329
931943386402208131 509343573775450049 54059192262045089
172040675439184099 119667721947100081 28524132379944673
481256976304066371 154261524498045601 227124954360227041
345633592460996483 37744909876363753 13468706602359373
697264609629855491 178213602167388481 110181311858474881
881514996437047427 771763085908469633 139445755346261889
864937262603062275 670603171811051649 16000501792735803
228478387126024867 177167377809872193 225004675883484897
740563873284829443 87356266784560833 590922196269744385
755521294861453187 315555920814104193 46283910031428057
683319558594058499 394402499178534913 92504672541862049
738976949208041347 491369784887527041 599125730009373697
244045869405518531 135775951314447585 86874236362329665
761864179565022723 164493663471706433 361944676596532097
642092575691673731 96817067411549857 100100363141886609
44175054028438915 10167611024764953 14507874008006109
756509301470124419 617393111787765249 543412247183383425
518813618100411139 366683576197697985 469735402556356097
537481100478660803 446268128174439105 304377778016129665
49720343737633787 43831935515582353 38316555858936553
897714311613115139 149950516384268417 710069163573261569
526092487226367619 7412281342919135 35598677696489577
883412164925907075 282387490151071137 37967704726054449
676142391296763011 565485541851386625 507832108255937537
134322371482654579 113567559791910081 82856949436623569
138998733931680723 76027730799678721 84124645161647409
627755219476486659 336058562891391681 23158758237306429
474504340561506499 186340904666200833 124478192491302017
439999875999208067 128944668321788577 60958238568722873
535021135467266051 317433966010548161 468170814404713729
649622729254256771 633125718255556993 500597059948568705
675023776240608771 45107885262216913 400287912292937729
622003751398148099 354407499424475777 549166321175798017
134221837506266819 27102202301236005 108273466753541777
246318398459482563 122020744333749777 11163343334327791
146048963818594883 120823273126412881 46449356382099401
410043812395633603 96190127285633873 378231019810242241
740323185002313731 548550652436371585 211860444149222017
178872606774557731 130680093576485153 23554135694361401
218316430213226115 66307796213573097 84165191277499569
60442765537504387 29894237656007497 23654141458321425
68849529284837451 66031049533781769 3954468333327920
49205753299106931 14305610606686049 11675763153833695
900704035850029187 298643797200654657 706376010028075649
229592206496181731 6307762678751695 138007460629560433
321840318399723139 50706696930236457 246670148339568705
829811627688694275 359182099022012801 504477847508196737
678733615443516163 355476295747417665 225873548697236385
215428494520940707 124362991965223761 88272916674539761
55563059121931715 11571684613334577 27885493983107381
258454903203611299 256334422499571329 58529340652979289
845865481008074499 620308768031552257 659406805265607937
354129553898787523 75830544144754465 338103155746542273
768320041229818371 477229175678718017 5265016114552906
545728239795512451 44938295573467137 176774425776231265
170167028649211395 48967617135714489 110113769155667809
391460423588600451 12581486490115511 60847252485055561
409856552289238019 278400705040030497 266948606028367617
422415908117623747 162922550883988129 216777216684970593
645225913438459651 474168870037242049 58142311770372713
24170962388656127 902007339992251 12910615829869139
382041772133902467 311863895302627329 100733663337905585
976462461351644675 716402207167064321 285728259307957825
114217957902469475 62421950688446057 53480081733797385
526577034761177347 25568386129721849 468255171085312129
562408512894320067 512972552137549185 12708241883585925
995946865507094531 196267580843525729 946720564864792833
689828576358886147 532277280200782721 246936343459222689
440931789680451331 264473830790718177 80888366525477265
437801139862062275 11859517462473261 353076211467901121
644813458273830275 626317088574058369 339724148387919617
120266041165317139 2863458881171763 41775913626359113
717421144470750723 64852169484252849 489811253214577857
584795857550771459 166482815027230337 402134897233367745
252213287363000419 8467657955480157 115326207841852657
572893197442313795 242298369211758785 96301725768279249
440593572266453379 344947098337838017 395877097861267585
476720870280607043 68072582391549025 306388675825938689
794160516579283715 650836745490587137 667678001261628417
722044409033026819 136660947357138033 379719494000747521
373761060238218179 259552166217688641 91756052548334273
934018797107919619 160490855461981249 25628275510047845
287810290953320003 10505552982858811 266510765746815169
536382492551690883 274782536716643841 208786667218398177
991384836521978627 958506850304983681 527721732606376641
465356903394870019 314682012414066433 435829527796978945
804016139982464515 153817112165796865 333835914135373505
763689953245314179 62764920827158721 374030091455305793
451685694925847875 422702386793837825 202907451943742945
271305603229220259 16240695153877065 63185527519113505
132926253147898307 62076816389391929 70101022287405521
807278322018980867 228239922940769377 302160705424130817
87695491252773315 74170544209280497 9597834307954239
800568965303678339 595049888742199041 632673861291923457
310229961588415299 71974118489150433 140280522690662737
478237317238926467 238264852603904897 253317759731658209
464693032516303683 454778142149701953 202361568801876705
460665868200107139 318377079687493761 159393145247451105
228266805383524067 161702986714903585 195799867561614081
991535956043667587 282718232169524001 868056983864002945
865443862222252291 762299393676580865 658813118946859777
390623721041158851 79457767026749313 119462055370307745
416562490173667395 67867768304587881 204617882299550497
551525611071828611 165814887243585889 158710654310704257
221890344716986211 84184452151295281 98430012881808513
102661123391086691 57747599877783145 90749175541478929
780457737137447043 323907389844819073 492394073300911553
943685207534436483 816772128438442241 736046900403671553
12914762369490631 2370677703478938 7015913433520534
292999949289021635 120070646389002753 27747607953778425
634346925509459715 304837420780094977 135175323944308465
714486439541976323 620162504493861761 372220127281928001
492524874338207043 30224495880078173 367280471432998017
208861327899290787 73578563148115377 70880629208500185
757645752031886723 597112599977131905 653129858520383233
780047566972043651 302857156381050753 16728206914040741
801287635904097027 699844818168860929 518298504261957569
639363782958603267 171885477521200001 418285471904197249
436958338889755907 269474054670061793 351582167344819393
656781985060564995 617047955894184705 369052978253975617
46063973339907419 5903453012114550 14987592588612417
872456383366923907 86758642475646433 86697171987971681
537015592283695747 112313571985321201 399673393877486273
953537553724689155 554918184534447553 260054959438635809
309073207241778755 62275153768038961 236942995665995873
828183344867103363 462068408486782017 230160094508335809
565808669385641987 234903143363364449 117966692958755809
304761965070738051 112935251724955121 63242952640413353
767043150725118339 716334390095011969 143181184623377697
40490910828333899 8492241628762089 23359283479168461
465942557578115011 331338561383781249 310166228859653505
558017396042164291 359715720841809921 153676149409116097
664677754923116035 654280068708361089 422385885159607425
215451172684580707 150995465019753921 90092088903667313
474586377503173251 14365896851732949 395316321256436225
756708272626872835 423294574561685377 11962081381017817
793901159735903747 62218994410103401 341793635603240577
743191602046335363 455328689442197953 443493085832742017
848498956432524547 15524131922400799 57201619153416393
280173663942020707 278757081214258913 255400207045885217
381313523435740867 53416473373665505 376999185611155713
783983397297698947 352671992917212545 524510190174126913
548459303623798019 56435660108106881 298958940046852161
418335769748137027 232983147753452801 101046404339027297
881020378364308355 215917498858072417 427103298356190913
385855314134290627 248362700804556609 127161764568129745
119033314963454147 16048967717466705 10813421717902163
666884646839068035 537667513477884673 249046099323350049
108473983300503171 40144770910908097 50897947010586593
521764210327815299 90780697549446961 410766974273856833
984959937982880003 314510299004519617 21631344833044297
131518407239883395 16007738493728743 117183119712208497
433191694590437251 21634952414458309 54121884189352393
958767167770511875 455987932410192641 303749663968499905
214541067387269763 152900913950319969 45875843902519113
626047226791315331 444525797730343553 22494766002313605
374192906827240259 104549625561742801 88158930901321009
489804607301144387 344052543547398913 205383543881724961
473271358992801347 335249737599467201 371155220137811457
339208924529739971 78441804305141153 212497453977666017
911722500537477891 290772577940294913 156962449747931841
270617138176455043 47056136366162593 102702388674828225
407545620223025859 276924123123279617 132456869160327633
328831852949148995 100572951041305457 292024207485906561
142305843240859155 68094090673393833 40448458376868825
809983979461497091 747100801224845953 366562249728384385
58632890203975555 16564540387083467 28492331293775929
579521489476476419 470419241697834881 290197634489824321
561406254447151747 259539960527477569 3002008876454452
560883765865919939 392315422714957313 254519368950106113
111208209054097347 95258626875784017 104012477335622705
931334628851184131 338709407382044161 585312285991218561
258932744516510499 119006328902558417 193652992353004513
53343399162289147 30970109842071373 8453474133208044
828584053085219587 727571511651286145 236167805184688481
851945330532829187 594540172063438977 641164848366519553
657572847964755459 567932705462058753 180118372205640353
96654213944204931 41922242484866825 62461403761473225
418385700587398211 229220307603608353 199109529459157569
783595051098356867 671150228036593025 611519849093471233
112400601296047347 32635296970336617 76653470563994897
759299238883551363 750101468781374593 414528684930425281
307765769059263107 92441664774824705 113454287919772897
648658788275590275 54692515800067393 92585995837526049
722438245087859971 326313960126918145 323690413889018241
609348784874368003 30361384853970857 31735722388202041
386354885526674179 127477082231342577 340788435557332225
43948269488660707 9178330579188237 18982477794725537
80824668861191667 33783597012453193 8116205979947592
66246110371663059 38137123742553081 39245185531674745
697997365623108227 89886799489807617 668387678889466241
693911890838207619 680600535489958785 389914397520711297
409972071474283971 357617387642743873 38198278132642857
676819145841288579 544334691098557825 87292236279442865
328921781699323843 172310136262833665 299871242215189121
866680444397000451 345459474813137729 395670706814372865
591567284096636163 75057658963730865 161441018229051265
684017488276059523 344656672096684161 185491855261805185
350348213329141251 276039108305097377 127515697295171457
684446798302813571 295895400164681345 609579568375503745
8502164355791878 7905369552314986 44561246061983
406288919523061443 232937333373648961 272030609670940161
627635364671166339 49631515354108553 563685329071410625
580956317351724931 463949755593447617 185803770418470785
866792741659791875 383448988613693057 472391863134337793
688673191045150979 529754997535099649 373551996979790785
105922734721228259 78330900482315281 98131329517567521
573924540961898371 296210585183591169 195991016847567681
760274545686296195 162960402664658977 451406936589586433
23605032583649547 4920410514967794 15712064909876749
823823626890419715 700305208545844865 730160208018590209
528987175711540291 473281977268596289 437798574526329921
679337148334024451 355977380951983937 131143989645227937
870082210115573507 446986384368909697 631919643943087617
392077604551115843 353390647908151489 351719073425122625
194326629096739587 73387499824738449 148577754069917121
447187925628562051 37550903619437241 66620438057229385
224269141798002403 7740780781056292 136136561519600705
3171404947050374 1573126912012612 1114931786314874
481408603065848771 128605781997187313 202686548053417409
693112014354734595 582876777785931265 52422317029389361
612769650375075971 295106024227851201 567239414577126209
210789740808335011 136554067389018257 127354758959016289
257300905406542595 210109149170484449 166223336688975009
941920953139034883 394940091527588353 829283721204243841
391717477969499203 221602357367668865 3140980665994515
734558404979980675 355664482807620545 697839286110506625
797836293119759619 376496176887125313 697252596878221569
212260239914799491 142809490982736577 19741445837755489
540496608209290371 445808543444800705 225490838913984929
405894017647640323 405315685927656449 188910963098742849
28419584436053527 5258325912611398 22187396674547861
673671611327431171 551437661414838209 581272674366384897
38317838955058027 29231195521393537 7829174599028666
74876172914318147 69415484607491345 16977667272310
750568819497920003 531848089919573185 373999846439154305
413283277990477955 301069896805995521 296135403041769025
405041772464433155 285923407273882401 71826220016363177
845909232691956611 718768611832002561 571072910268820353
217318961894304451 132446429403201585 184536408068594433
207726996702454755 31411465722228033 57531994408969001
74552913873378819 30303796639908981 53202892706076433
401542834441865219 94122850671917825 258975910387213089
679406183120794371 279893665752745889 144613817332543425
384358317958809283 356083055825513473 38344525850484865
949653313865861891 377417366906845761 914560817078677377
409171341751251907 144734949876544609 261950244327233697
876689043686061315 699843397442073345 332550666271788417
388082380791380995 247565261290001313 225571265091693729
761858125919275651 312319648132254785 535317191448078529
84434463185784179 68384471900616033 75346850570592385
895552888026509955 137339933415767249 72221588238733569
546064069981929475 343433608950676609 290865648238434241
727640064291372675 601933551190673409 446533690585302081
907992485984727427 729556122800768001 444146971269845633
353082048557410243 334194781446980417 290842543763311425
742328545753508611 649461712349747073 372441763256570305
454583123705502787 66758964380258201 160760532691757761
258951477279579459 70850386418978185 255329265629854945
502574046916929219 245787373728395233 85804904407987169
277734016981081251 242598601862476193 69735768837871153
106570529087421267 81951428605621969 52505745902950473
338564712788036547 211733959229265025 77092703559992257
582508607871756291 290923923479802177 426510166795798849
98025659175872579 46142033557517465 95709224475081841
486545592842769219 56815676905367489 84358233619153265
211939258077398883 199216567003445665 170093684748435937
552373736687646979 354750481461851201 469378906464974273
823655900440253827 324929005121358081 710743317688622337
938548532661477891 118972726856782049 222550484897992865
93326922883500755 31513342977134065 34155079834197849
273790102327613699 215463779168323201 68724866922651209
609782970243860611 130097142613458945 268872529541524385
807645988688123267 422941889673655169 434115539750599745
142181368874077507 75720520507060353 32241945456773661
204163740142123459 31664060245227437 175303896356056801
803336120597713923 383780773485574593 725106323594593921
627034360913662339 8370204227735811 145885458408317633
22514190764197363 13034224668147037 2049148176209540
772636398718714115 610657835962599553 331195634640959297
646262629728029571 604642508230592769 59964798565777849
226012137643884963 133634199589807809 3006754850725465
307184395988567811 112260810363073713 215862372430488673
804392125117645955 722422578623574401 627501696928593793
900047794913623171 847031721280675457 248537366628754561
570680014476357059 325962752526199809 275236181700891489
481607715298404099 270960170336707009 148855425420649441
649417135975167107 359130286388914497 38154501193192905
236326655209444195 117389221155432449 4641476348733125
361142419696014659 248983674406824001 91657792850223921
817972901847890691 386071771368103873 335856748903127425
55599759970432651 4049357441333830 41816203286900849
551881326735355523 432801185135213313 335313849027128833
214647369269716835 157824407687015009 168845458841237121
751404614700499203 422805835409259905 98999495628200721
303595771432139779 302721067555481729 12342723006576625
23545843173732211 12911716957151971 7763874205022529
663516129396809987 395395803528509761 335868259051806913
593613549678155011 244195747509102977 456075655204280897
692173911173763843 65985139651733329 369032790853517633
719516041784197763 215974070952083713 539363622266168897
189878014803966371 73538257871408241 76640770592959681
467425934433512963 133771037965303553 294592604092147841
127794991050201539 20178740963683437 62382303320385465
928288881986380035 2455069210749871 622242566759657601
106139839739527011 49629846273909057 2926426082125818
237186807483391715 173975011091899169 49088997126573785
330967610572320579 164348849163844417 90880075939757729
54932005155365339 38008143651891793 53239614454045921
270783440076536227 162488027830818945 164122007476348833
945381851281429635 224982829247671777 881115892595483649
24462076135614135 2372390667086890 1631226747946757
966611264591585155 358094555384300033 745287936757833473
403498790812911939 139416928540018433 383673480258409729
844925402677459843 280925143141726209 354618246959194817
414753409055396163 94068925374825873 251092862467674785
45280181574243627 22048598005021441 25823973467900801
131824553561761699 121499060718421313 106037776302805601
539412807234885379 233699037533628321 530779889551969729
318103329473612611 2185288284606540 92168970931918849
925161815362933251 358903793232193665 831794129047670145
863381524186211843 231296269069035233 340227881216547137
10237659378289469 1735202363174252 5455011590371710
416480390456672515 212353819721807 368644394588776321
956130401778079107 279710106797117537 923311600959874049
133448856963910067 119886110504322705 20382914686020105
419825146646429315 26507534572102841 233635501666617761
356055862850313091 95441415372094657 268689463113589825
841326392695314947 503905698473627137 305121460011797953
227046926473680739 71572283127796425 194258260095180513
534335239907005187 50820468339144817 480201834494529665
722303114597293955 410708868494826753 527498400626549825
648315260513124867 444159815935493633 297395231602105793
617854520001581315 176438848158797825 498627778708018817
407040265970473411 394467561748373313 127118042480383457
340765901030357187 160346831632619969 186831439172539457
487826887240153859 396000769877328513 219355696780907361
103202432020372611 16713428516985833 19488945475401289
605183340544809731 455072387571418241 277951449226565985
861351445236314755 47172194381153793 146141951719460993
592589043938014723 163596075773491553 146956638048323873
445049638641343939 287542982597078945 112092724901065265
748475767587711619 23475135266104493 11019409842969163
186542150035089891 123413414550693233 56617988553356025
310994742097234563 185907458579214369 136226430704516929
851261691341468803 816008285356527105 594956014664028801
456492587418688835 359654417875684929 401765382259521601
209596569126449 155598972342112 7149306595609
656320370716917251 162676741457995361 272634928787359489
749675916598070019 213584082022563713 273685669586023265
975077664282041347 806270915844234241 194409859574408225
443752960105286531 146935868583672161 282353768040418721
521937345833199619 130579361538313729 294847018003079809
19351222666733619 11975829856633213 2986400726279452
768470988042621443 660982342190473985 694087948703726593
870073614808264195 825743571937293697 379596782636205313
486437249712472387 438960073003367425 442740398941657793
149065074871574051 107257378823722193 20499844172342677
224221999209891267 36441038813187601 198081330542575457
583436136667028227 523316179727576769 550863399054128769
289816472485941443 252330598700890753 26323300915680129
692533839132283139 578825820645379713 524196748033720321
322055162033616195 51951829112521529 199260547723832577
544555695542420035 476641742936748225 242693645934219553
562843365221929795 8688299303372831 444740704315325313
882996849157410307 119616153665648641 190956184363537345
665704965182895491 225455758599343297 91007836657987777
185290077530679939 129910277877397473 147645986308668289
236457067270892451 118719160768092769 200056234279263361
356718570136937987 143095065254925601 129396525722469697
668339035165899907 298806762654621889 403837340848102529
736104367143550723 415166611957210241 231527240593792897
246524180907784611 9755650241696547 57275653580165641
615627647311230723 323588453378546625 424097799756855489
917540193577622019 228326107770797057 540552072496692737
822015007685181571 640577001371129217 327815891795920321
681505455290892419 323762396566201089 610349639850029697
133725055669859923 87217936207040145 66447059206483785
824919197930843267 657057396493358977 108151050659526609
529008963269648387 189252021275333409 454986712106169473
396561904334328707 178020783834945217 29318634162477757
880058197713339907 407684431104958785 683992574889116929
588281842207878787 394616232754327105 116566381979457729
682973086775155715 624829083951403393 583908679399995265
337355622142925123 130396111245654305 70702674429061761
492971618036681347 59469846393595553 471015661803861057
260875582152523395 152688022415946497 231347833704808065
716957481788285955 351442377396511297 615504819188411137
380277791502702275 292190093643732225 340865008458211137
396009059547171459 280113521178578017 141807744027598609
332592308935496643 117915316778440609 283012299292851265
230136078666655427 170225988729294753 50496057637884073
403062323348436035 152328945272017985 191827126733873089
795255623090179331 562098769741464705 29665096397403909
682105859614383875 274520735365354241 622688692519190145
163116320223733123 113968491453083121 90727113850382465
550720661932511107 44353470387842817 502909521067799553
741073003841155203 66639292795737937 355308875909519489
56773401520790251 43305690395206289 35496698211479113
429289350738474435 383179306914847041 239572979372940321
256459619346460675 161971539772830369 113286008370924161
274094776599156931 261686510507808225 191529357872618241
378732968755535555 337429736128990913 267897289344687169
850700754084755075 846198751878854017 556208176382647361
515720364452915331 27454559078653217 89840019541018737
106012577494157603 40739218145647009 30686753494826169
160979485014792323 91639570137278689 126088067732180097
349461123272842051 174111160854225793 176576819249247553
193703987857044803 48911835323440953 81423679193421505
310098362742357059 77837944197941201 54059792875269153
146303897720674083 108626584778693489 101092172492367633
542004953649694147 530384636251559105 199607313115005889
772724892887902083 603056345211575041 654618516562293249
114571926189188547 11859255135244579 5365270227935373
954831787371746947 258152760970584353 785490844736039425
173545252294687331 82811450001244321 7873887795463149
