200
1
2
3
4
5
6
7
8
9
10
11
12
13
14
15
16
17
18
19
20
21
22
23
24
25
26
27
28
29
30
31
32
33
34
35
36
37
38
39
40
41
42
43
44
45
46
47
48
49
50
51
52
53
54
55
56
57
58
59
60
61
62
63
64
65
66
67
68
69
70
71
72
73
74
75
76
77
78
79
80
81
82
83
84
85
86
87
88
89
90
91
92
93
94
95
96
97
98
99
100
50000
49999
49998
49997
49996
49995
49994
49993
49992
49991
49990
49989
49988
49987
49986
49985
49984
49983
49982
49981
25139
15537
4326
35406
38647
37778
29925
19460
44138
30523
15980
8738
6919
27028
13692
25495
21548
36331
25095
4752
42555
44369
48608
28758
10219
9569
5883
38919
49420
1070
33123
2255
19032
776
1386
48019
8500
35482
24427
12457
29782
28627
28267
16855
12928
34862
6990
13383
11818
35201
32966
20260
6862
49839
13799
28901
22413
17754
25125
13138
4815
31593
10847
103
12520
14033
8085
24436
27413
48899
7204
4622
7430
34098
39410
38230
19318
33967
9764
20420
