854
0 1 1
7 0 4
100 0 49
100 100000000 49
32 4 6
24 8 34
2 1 28
43 2 9
58 7 24
87 5 12
60 7 40
80 4 35
77 4 8
78 2 4
16 1 44
58 6 5
83 4 12
78 1 37
41 6 12
3 5 33
2 7 26
96 1 16
45 9 6
72 3 27
63 2 41
55 8 33
78 2 42
76 1 46
29 4 17
80 5 34
96 1 14
11 3 44
11 7 33
88 0 41
85 5 6
26 9 16
79 2 46
40 0 36
8 3 46
63 3 1
39 3 37
27 1 42
55 7 12
80 3 4
35 9 33
92 2 47
91 2 44
82 9 47
13 6 3
12 0 11
40 8 47
53 5 12
50 4 48
16 6 47
52 1 46
66 4 29
45 5 15
4 6 4
71 3 33
84 5 33
21 9 7
4 3 6
62 3 43
22 7 40
43 3 28
18 6 22
39 0 40
34 7 38
86 2 1
49 0 10
77 5 24
8 5 17
91 6 22
3 7 27
16 8 30
55 0 17
93 1 13
61 9 8
19 6 35
15 9 30
7 9 7
92 7 40
85 2 1
3 9 15
44 9 12
27 0 15
88 0 31
22 8 46
29 8 49
100 2 17
93 2 31
35 1 8
33 6 7
22 5 37
44 4 13
52 1 22
10 6 27
71 5 4
74 6 10
43 4 23
4 0 47
66 7 7
3 5 18
99 5 46
8 9 28
83 6 4
89 1 35
96 8 41
12 2 41
62 9 26
19 5 3
7 0 10
44 8 11
58 1 20
67 0 47
87 6 48
73 8 32
83 6 48
47 0 36
28 8 35
21 2 17
61 8 30
79 3 35
29 6 43
19 5 10
66 9 40
19 1 13
78 9 34
50 1 27
56 9 3
53 6 32
24 4 15
2 0 23
48 7 47
77 1 37
77 5 8
21 9 34
72 5 11
5 7 40
6 5 49
8 5 9
61 8 23
21 5 44
39 0 15
14 7 1
89 5 38
78 2 40
48 6 16
82 6 11
40 8 18
7 1 12
49 6 9
41 9 35
46 5 10
75 2 3
55 6 17
72 5 24
44 4 26
71 8 30
45 3 45
51 6 36
43 3 25
58 6 20
7 7 22
45 7 37
74 7 4
65 9 9
82 2 7
67 4 28
71 8 32
37 5 3
14 1 48
24 5 20
44 9 35
64 9 42
56 1 19
6 5 43
100 0 2
57 8 46
98 3 37
55 0 2
44 8 34
33 6 42
22 5 39
19 1 47
15 4 34
88 1 28
8 6 3
13 6 24
85 3 28
97 9 25
12 5 19
52 1 16
80 5 1
53 8 14
55 7 40
94 0 29
34 6 45
35 5 21
49 7 19
96 7 49
48 5 6
49 0 13
93 9 30
42 1 33
76 9 26
15 7 49
25 8 29
10 2 30
81 9 28
63 9 28
96 7 18
35 2 26
40 5 39
4 3 37
66 2 15
10 0 27
20 7 10
69 7 33
26 2 27
17 1 3
5 1 24
44 8 33
22 6 16
57 9 30
36 4 31
66 5 28
56 0 34
29 6 49
60 2 46
91 9 10
39 7 35
0 7 43
42 4 6
2 6 41
12 5 29
10 4 32
71 4 14
16 9 44
9 7 33
59 8 38
51 3 38
75 9 2
68 2 42
56 9 10
4 9 30
62 2 40
15 6 28
33 9 32
17 7 47
16 8 25
61 4 27
48 7 6
98 3 34
69 70 16
89 32 43
91 53 8
75 84 36
8 88 5
49 80 32
3 96 46
67 80 3
33 62 28
79 10 35
70 47 23
85 82 42
68 43 48
25 80 30
5 66 48
4 73 20
56 34 39
83 14 12
85 17 44
42 34 20
15 76 47
28 56 20
8 70 28
11 72 26
92 85 41
86 81 6
38 93 29
5 61 4
8 28 13
62 54 40
37 73 30
52 6 23
15 90 31
23 32 23
64 13 21
49 18 30
0 13 43
71 72 29
17 31 24
30 90 21
55 19 9
42 39 21
62 22 6
58 29 18
68 66 10
60 97 44
8 2 36
39 30 32
62 31 10
51 92 13
2 93 12
5 86 8
98 64 34
50 86 3
25 81 12
13 30 16
21 50 5
60 7 18
97 11 31
89 68 34
55 32 36
95 51 37
69 47 33
92 79 17
26 30 16
70 45 24
74 88 22
16 27 8
44 55 20
21 98 13
17 86 38
84 73 7
53 65 9
50 11 30
16 34 7
63 56 32
45 72 3
54 43 15
16 27 7
81 95 21
23 98 29
14 60 36
23 84 33
42 34 18
3 12 14
38 11 6
97 10 27
54 71 2
50 46 13
100 30 36
18 53 42
68 7 7
80 98 9
82 77 28
7 62 10
46 64 30
74 39 29
79 75 5
27 81 44
88 62 1
98 42 48
66 11 39
19 65 40
40 71 28
65 32 49
90 80 5
75 74 8
25 86 25
55 92 4
4 35 24
67 29 24
53 56 33
39 59 16
49 64 35
86 70 35
66 34 43
76 8 20
47 9 1
6 14 48
1 9 20
99 12 15
84 12 16
94 82 19
52 38 34
23 83 22
66 99 31
33 56 31
38 22 14
22 81 8
0 94 15
87 81 16
98 34 9
97 36 25
56 94 28
67 91 43
39 42 29
40 94 24
69 54 24
39 41 47
24 89 11
83 34 45
47 72 11
2 96 49
5 0 35
82 13 5
5 93 26
16 55 4
80 51 21
49 24 33
10 47 10
98 71 11
13 66 9
89 11 47
67 54 36
55 81 47
98 66 8
77 97 15
0 29 46
18 42 37
3 69 4
5 15 36
98 5 19
40 91 37
96 16 40
85 84 7
73 78 25
97 61 47
24 59 18
21 93 30
89 73 5
47 31 26
34 88 27
87 87 12
59 61 37
49 24 46
46 26 25
0 26 14
47 62 14
17 7 13
87 77 8
92 79 7
0 10 27
54 43 19
15 4 6
40 80 9
71 81 47
72 57 18
72 70 6
32 20 49
66 57 8
17 37 6
29 0 41
41 90 27
96 38 19
1 83 16
69 78 35
76 99 42
99 92 12
47 29 39
34 52 12
64 2 43
44 1 39
79 40 36
10 4 33
64 65 31
82 69 21
18 61 49
85 90 6
36 40 37
1 20 25
70 19 17
19 73 11
85 31 7
11 60 35
20 75 17
17 60 46
3 98 3
94 54 36
65 57 36
41 52 8
66 61 7
7 21 6
87 8 23
24 45 49
56 78 16
45 65 7
32 72 20
88 41 48
41 64 15
18 28 47
76 8 39
33 64 39
75 5 19
46 56 8
81 4 6
86 15 44
45 59 17
83 1 10
48 63 42
25 65 22
70 15 40
43 75 13
76 5 15
100 41 47
18 93 13
71 21 49
35 8 21
48 29 22
7 81 40
48 11 10
46 46 49
44 214 49
13 97 49
41 46 49
88 11 49
96 237 49
28 120 49
44 22 49
47 149 49
52 44 49
36 52 49
47 55 49
87 56 49
85 181 49
63 35 49
21 147 49
8 84 49
43 25 49
18 8 49
73 133 49
38 85 49
76 10 49
4 184 49
58 103 49
22 130 49
40 240 49
44 37 49
9 71 49
23 58 49
3 217 49
49 207 49
13 148 49
39 27 49
94 232 49
57 246 49
53 66 49
11 29 49
22 54 49
18 233 49
15 196 49
72 172 49
86 90 49
96 62 49
37 30 49
55 85 49
38 249 49
8 55 49
18 141 49
89 88 49
79 88 49
53 78 49
39 220 49
3 138 49
1 86 49
62 182 49
61 79 49
63 58 49
86 241 49
90 85 49
94 83 49
87 180 49
46 225 49
36 132 49
59 49 49
10 40 49
72 160 49
56 172 49
83 173 49
25 133 49
93 125 49
96 116 49
96 164 49
76 235 49
83 83 49
74 7 49
31 23 49
12 172 49
85 210 49
94 209 49
42 5 49
25 189 49
4 200 49
34 192 49
75 97 49
16 141 49
10 140 49
92 154 49
82 160 49
72 59 49
46 156 49
44 49 49
46 198 49
54 186 49
39 66 49
61 170 49
66 30 49
12 148 49
59 92 49
94 218 49
15 201 49
93 240 49
52 4 49
14 126 49
67 26 49
99 112 49
74 123 49
77 201 49
64 244 49
16 219 49
86 183 49
31 226 49
65 31 49
19 184 49
82 98 49
20 213 49
5 244 49
18 69 49
69 12 49
12 65 49
34 5 49
15 71 49
21 49 49
81 224 49
40 124 49
70 30 49
76 29 49
19 184 49
65 106 49
5 120 49
25 175 49
44 65 49
64 107 49
0 245 49
64 210 49
48 9 49
77 205 49
46 147 49
56 3 49
83 220 49
98 231 49
62 91 49
42 15 49
94 30 49
76 163 49
2 50 49
13 102 49
34 185 49
79 177 49
7 99 49
11 41 49
40 117 49
98 5 49
55 77 49
31 210 49
26 13 49
77 59 49
45 102 49
39 166 49
43 77 49
0 103 49
8 124 49
34 170 49
18 172 49
67 45 49
15 219 49
8 47 49
42 97 49
36 13 49
48 193 49
95 28 49
3 92 49
22 175 49
38 67 49
99 108 49
61 176 49
76 64 49
95 134 49
50 186 49
17 32 49
75 15 49
82 58 49
42 138 49
39 196 49
16 98 49
1 40 49
13 227 49
10 120 49
87 13 49
7 179 49
12 119 49
53 234 49
34 227 49
53 175 49
46 34 49
22 223 49
94 180 49
35 104 49
89 172 49
69 4 49
24 223 49
10 63 49
27 86 49
28 246 49
61 232 49
77 30 49
47 236 49
78 50 49
89 187 49
53 105 49
88 52 49
80 248 49
4 53 49
0 113 49
36 102 49
75 67 49
6 98 49
68 105 49
29 54 49
23 244 49
32 124 49
58 116 49
75 186 49
7 215 49
50 135 49
36 80 49
18 229 49
11 73 49
47 16 49
41 155 49
30 171 49
76 69 49
94 141 49
66 221 49
66 217 49
84 203 49
67 101 49
9 168 49
31 117 49
7 64 49
60 99 49
26 143 49
72 196 49
56 98 49
13 80 49
32 221 49
47 193 49
69 68 49
55 6 49
22 43 49
68 85 49
67 12304080 6
92 19422662 8
6 58790449 29
83 55280505 1
73 52808119 6
20 37137681 39
68 83879951 27
57 89196078 24
46 21656541 35
69 31648509 45
0 74079730 42
10 36094868 18
15 65840490 23
92 81662156 19
58 18809794 5
56 5263313 45
56 24098808 43
81 12492437 14
7 81623400 25
23 28529511 17
42 78073920 23
89 7152125 1
70 75778564 47
22 96246697 14
6 83038579 42
44 50488103 10
98 78235126 3
49 36212002 28
85 14677253 24
69 44723152 17
58 57281820 28
77 2839203 9
89 4441064 9
76 82521971 29
48 54720487 27
81 83845608 5
97 56405339 22
79 20827833 3
53 63632183 45
14 31029616 5
11 43344040 35
76 65220301 33
15 77222649 14
15 80406896 40
16 68895434 18
66 50423218 47
1 53092224 40
81 45039520 15
33 56228570 37
99 87846190 43
31 40497940 38
43 41333832 25
84 81530245 14
89 45671650 27
43 55773221 26
50 46399201 11
58 12917336 33
47 31003449 8
8 63043240 37
87 80251222 29
90 42039504 8
89 56971935 40
7 23721650 22
9 62209352 25
87 6672430 36
52 444270 3
38 18997061 20
7 5780375 47
55 98011944 21
65 88117717 48
55 24615307 7
61 90635439 29
36 26164482 45
1 90277525 8
20 26736174 26
2 83979909 16
79 81489552 8
73 52379902 10
75 11490925 30
11 76681607 47
75 77984994 44
57 54874556 18
56 39089666 30
70 51964468 34
1 97815962 6
51 61310062 10
22 25925143 38
9 16290999 23
38 73373778 15
56 93769385 25
93 5092321 28
28 93248369 14
69 44910884 11
31 63061630 22
63 17090736 25
47 11819375 38
13 17833342 6
91 78850137 9
2 98199159 40
94 10360901 37
